%YAML:1.0
---
opencv_lbphfaces:
   threshold: 1.7976931348623157e+308
   radius: 1
   neighbors: 5
   grid_x: 5
   grid_y: 5
   histograms:
      - !!opencv-matrix
         rows: 1
         cols: 800
         dt: f
         data: [ 0.0275482088, 0.00918273628, 0.00367309456,
             0.0293847565, 0.0202020202, 0.000918273639, 0.0284664836,
             0.0541781448, 0.0064279153, 0., 0., 0.00183654728,
             0.0817263573, 0.00367309456, 0.0909090936, 0.0385674946,
             0.00459136814, 0.169880629, 0., 0.141414136, 0., 0., 0.,
             0.0211202931, 0.00275482098, 0.0404040404, 0., 0.032139577,
             0.0165289249, 0.00918273628, 0.00459136814, 0.160697892,
             0.0211202931, 0.0137741044, 0., 0.0128558306, 0.00734618912,
             0.00183654728, 0.000918273639, 0.0183654726, 0.0137741044,
             0., 0., 0.00275482098, 0.0257116612, 0.00183654728,
             0.00367309456, 0.00826446246, 0.0064279153, 0.222222224, 0.,
             0.18916437, 0., 0.000918273639, 0., 0.00826446246,
             0.0293847565, 0.217630848, 0., 0.0468319543, 0.0110192839,
             0.0192837473, 0.000918273639, 0.11570248, 0.0275482088,
             0.00918273628, 0.000918273639, 0.00275482098, 0.00826446246,
             0.00183654728, 0.00183654728, 0.00734618912, 0.111111112,
             0.00275482098, 0.000918273639, 0.000918273639, 0.117539026,
             0.00550964195, 0.0202020202, 0.00550964195, 0.00275482098,
             0.0165289249, 0., 0.00918273628, 0., 0.000918273639, 0.,
             0.00183654728, 0.0633608848, 0.145087242, 0.000918273639,
             0.0238751154, 0.0853994489, 0.12672177, 0.00459136814,
             0.194674015, 0.026629936, 0.0119375577, 0.000918273639,
             0.0247933883, 0.00367309456, 0.000918273639, 0.00183654728,
             0.0146923782, 0.0293847565, 0.00550964195, 0.00183654728,
             0.000918273639, 0.0642791539, 0., 0.00275482098,
             0.00367309456, 0.00918273628, 0.103764921, 0.000918273639,
             0.078971535, 0.000918273639, 0.000918273639, 0.,
             0.0174471997, 0.0991735533, 0.14233242, 0.000918273639,
             0.0440771356, 0.153351694, 0.0293847565, 0.00918273628,
             0.11570248, 0.0495867766, 0.0220385678, 0.00734618912,
             0.0808080807, 0.0238751154, 0.00275482098, 0.0192837473,
             0.0550964177, 0.0303030293, 0.00275482098, 0.,
             0.000918273639, 0.114784203, 0.00275482098, 0.0238751154,
             0.0413223132, 0.00550964195, 0.0486685038, 0.000918273639,
             0.0798898041, 0., 0.000918273639, 0., 0.0247933883,
             0.0238751154, 0.0495867766, 0.000918273639, 0.0275482088,
             0.0909090936, 0.0348943993, 0.00918273628, 0.124885216,
             0.0468319543, 0.037649218, 0.0110192839, 0.0569329672,
             0.00826446246, 0., 0.0238751154, 0.0192837473, 0.0146923782,
             0.00183654728, 0., 0., 0.0422405861, 0., 0.0101010101,
             0.00367309456, 0.00826446246, 0.134067953, 0.00275482098,
             0.236914605, 0., 0.000918273639, 0.000918273639,
             0.0275482088, 0.0146923782, 0.032139577, 0., 0.0303030293,
             0.0183654726, 0.0174471997, 0.0119375577, 0.187327817,
             0.0514233224, 0.0495867766, 0.00918273628, 0.0688705221,
             0.015610652, 0.000918273639, 0.0688705221, 0.15794307,
             0.0128558306, 0.00275482098, 0.00183654728, 0.00183654728,
             0.0202020202, 0.00183654728, 0.0468319543, 0.0110192839,
             0.00734618912, 0.0642791539, 0., 0.0532598719, 0., 0.,
             0.00183654728, 0.0119375577, 0.0697887987, 0.11570248,
             0.00183654728, 0.0183654726, 0.0238751154, 0.0211202931,
             0.0348943993, 0.0541781448, 0.0303030293, 0.0284664836,
             0.0064279153, 0.05785124, 0.0220385678, 0.00275482098,
             0.109274566, 0.106519744, 0.0165289249, 0.00183654728, 0.,
             0.00183654728, 0.0697887987, 0., 0.0909090936, 0.0293847565,
             0.0101010101, 0.0477502309, 0.000918273639, 0.0339761265,
             0.000918273639, 0., 0., 0.0137741044, 0.0550964177,
             0.0624426082, 0.000918273639, 0.015610652, 0.0587695129,
             0.037649218, 0.00550964195, 0.0826446265, 0.0486685038,
             0.037649218, 0.00918273628, 0.0560146905, 0.00918273628,
             0.00459136814, 0.0890725404, 0.12396694, 0.0165289249,
             0.00367309456, 0.000918273639, 0.00183654728, 0.0404040404,
             0.000918273639, 0.032139577, 0.0101010101, 0.0119375577,
             0.0606060587, 0.000918273639, 0.0275482088, 0.,
             0.00183654728, 0.00183654728, 0.0183654726, 0.0780532584,
             0.144168958, 0., 0.0275482088, 0.0440771356, 0.0128558306,
             0.0257116612, 0.0596877858, 0.026629936, 0.00734618912,
             0.00275482098, 0.0211202931, 0.0413223132, 0., 0.0303030293,
             0.0312213041, 0.026629936, 0.000918273639, 0.00183654728,
             0.00183654728, 0.232323229, 0.00275482098, 0.0743801668,
             0.0330578499, 0.00367309456, 0.0183654726, 0., 0.0550964177,
             0., 0., 0.000918273639, 0.00826446246, 0.015610652,
             0.0358126722, 0.000918273639, 0.0257116612, 0.10835629,
             0.0330578499, 0.0064279153, 0.153351694, 0.0339761265,
             0.0192837473, 0.0064279153, 0.0945821851, 0.000918273639,
             0., 0.00183654728, 0.0128558306, 0.0119375577,
             0.00275482098, 0., 0.000918273639, 0.0330578499,
             0.000918273639, 0.00459136814, 0.00459136814, 0.0348943993,
             0.0771349892, 0., 0.181818187, 0.00275482098,
             0.000918273639, 0., 0.00918273628, 0.0550964177,
             0.152433425, 0.000918273639, 0.0367309451, 0.0440771356,
             0.032139577, 0.0064279153, 0.136822775, 0.0569329672,
             0.0330578499, 0.00918273628, 0.0615243353, 0.0110192839,
             0.00183654728, 0.0330578499, 0.032139577, 0.0339761265,
             0.00183654728, 0.000918273639, 0.00275482098, 0.0348943993,
             0.00275482098, 0.0284664836, 0.0110192839, 0.0137741044,
             0.052341599, 0., 0.0404040404, 0.00367309456,
             0.000918273639, 0.00183654728, 0.00826446246, 0.122130394,
             0.127640039, 0.000918273639, 0.0183654726, 0.111111112,
             0.026629936, 0.0459136814, 0.0707070678, 0.0955004618,
             0.0275482088, 0.0101010101, 0.0394857675, 0.0101010101,
             0.00275482098, 0.0449954085, 0.0541781448, 0.032139577,
             0.0064279153, 0.00459136814, 0.00275482098, 0.0707070678,
             0.00459136814, 0.0339761265, 0.0220385678, 0.032139577,
             0.0909090936, 0.000918273639, 0.0587695129, 0.00550964195,
             0.00826446246, 0., 0.0064279153, 0.0330578499, 0.0431588627,
             0.00275482098, 0.0192837473, 0.0844811723, 0.0330578499,
             0.0238751154, 0.0955004618, 0.075298436, 0.0532598719,
             0.00734618912, 0.0358126722, 0.0119375577, 0.00367309456,
             0.0202020202, 0.0339761265, 0.0211202931, 0.00459136814,
             0.00275482098, 0.00275482098, 0.032139577, 0.00275482098,
             0.026629936, 0.00550964195, 0.0183654726, 0.0716253445,
             0.000918273639, 0.0642791539, 0.00183654728, 0.00550964195,
             0., 0.015610652, 0.0955004618, 0.112029381, 0.00550964195,
             0.0394857675, 0.0826446265, 0.0303030293, 0.0238751154,
             0.0927456394, 0.0955004618, 0.0192837473, 0.00550964195,
             0.0128558306, 0.0348943993, 0.00459136814, 0.0192837473,
             0.0358126722, 0.0495867766, 0.00826446246, 0.00183654728,
             0.00459136814, 0.0872359946, 0.0101010101, 0.0358126722,
             0.0486685038, 0.00734618912, 0.0312213041, 0.00367309456,
